Id	Ctrl1	Ctrl3	Ctrl4	RNAi1	RNAi3	RNAi4	norm.Ctrl1	norm.Ctrl3	norm.Ctrl4	norm.RNAi1	norm.RNAi3	norm.RNAi4	baseMean	Untreated	RNAi	FC	log2FoldChange	pvalue	padj	tagwise.dispersion	trended.dispersion
FBgn0025111	705	282	289	5121	2307	2688	404	495	465	2994	3651	3731	1956.67	455	3459	7.645	2.934	3.82053717761468e-75	1.56680229653978e-71	0.0149	0.0188
FBgn0000071	204	72	84	1130	477	585	117	126	135	661	755	812	434.32	126	743	5.917	2.565	8.81841331152334e-41	8.03651399790161e-38	0.0195	0.0218
FBgn0035189	123	48	34	665	381	334	70	84	55	389	603	464	277.47	70	485	6.918	2.79	1.63577898279745e-30	1.03205070899267e-27	0.0305	0.0288
FBgn0001226	1493	470	654	4578	1692	2076	855	825	1051	2677	2678	2881	1827.99	910	2745	3.018	1.594	1.55219885446851e-27	7.95695937771921e-25	0.0139	0.0184
FBgn0262733	382	113	97	1503	473	478	219	198	156	879	749	663	477.34	191	764	3.966	1.988	3.37152381418605e-25	1.53629101799745e-22	0.0215	0.0207
FBgn0051092	124	39	37	514	214	245	71	68	59	301	339	340	196.38	66	327	4.857	2.28	4.80868498988614e-24	1.79276519486573e-21	0.0253	0.0362
FBgn0037290	28	10	12	309	92	104	16	18	19	181	146	144	87.25	18	157	9.077	3.182	9.4367648280194e-24	3.22501437997563e-21	0.0393	0.0542
FBgn0011260	170	50	53	818	243	257	97	88	85	478	385	357	248.33	90	407	4.486	2.165	1.31687248576213e-23	4.32039525128838e-21	0.0248	0.0308
FBgn0261673	24	13	8	263	91	101	14	23	13	154	144	140	81.24	17	146	9.221	3.205	3.87104694843704e-23	1.17593803966965e-20	0.0398	0.0556
FBgn0029002	2372	620	788	5540	1748	2099	1359	1089	1267	3239	2767	2913	2105.55	1238	2973	2.398	1.262	1.45679411215783e-18	3.62079554785411e-16	0.0137	0.0193
FBgn0032405	61	19	18	292	106	129	35	33	29	171	168	179	102.46	32	173	5.236	2.389	2.10227042248254e-18	4.92652057291479e-16	0.0332	0.0513
FBgn0001224	632	187	292	1741	636	858	362	328	469	1018	1007	1191	729.2	386	1072	2.776	1.473	1.55280336901374e-17	3.5378036757363e-15	0.0187	0.0175
FBgn0041087	1577	518	624	3169	1331	1578	903	910	1003	1853	2107	2190	1494.29	939	2050	2.183	1.127	4.89430464601836e-16	9.55787778729586e-14	0.0126	0.0173
FBgn0003748	1510	449	496	3127	1141	1242	865	788	797	1828	1806	1724	1301.46	817	1786	2.182	1.126	6.40176382799101e-16	1.22109923063214e-13	0.0126	0.0169
FBgn0010395	1151	428	409	3186	923	1046	659	752	658	1863	1461	1452	1140.64	690	1592	2.317	1.212	2.16463171610348e-14	3.48123712460406e-12	0.0164	0.0166
FBgn0283437	7097	2315	2578	17634	7581	7047	4065	4065	4144	10310	11998	9781	7394.1	4091	10696	2.614	1.386	3.44956776913946e-14	5.23951015601516e-12	0.023	0.0286
FBgn0033065	16	5	8	109	50	46	9	9	13	64	79	64	39.59	10	69	6.762	2.757	5.87114024748516e-14	8.4482618087497e-12	0.0436	0.0623
FBgn0260011	48	19	35	264	133	149	27	33	56	154	210	207	114.8	39	190	5.019	2.327	1.01617814690893e-13	1.41265985778763e-11	0.049	0.0492
FBgn0001225	428	158	210	1100	440	601	245	277	338	643	696	834	505.65	287	724	2.541	1.345	1.05377183639923e-13	1.44050610035774e-11	0.02	0.0201
FBgn0034718	644	214	246	1373	554	657	369	376	395	803	877	912	621.94	380	864	2.273	1.184	1.24169816895818e-13	1.66957514455655e-11	0.0157	0.0184
FBgn0033113	548	177	233	1221	496	531	314	311	375	714	785	737	539.2	333	745	2.241	1.164	2.19128818104268e-13	2.89886220337291e-11	0.0152	0.0195
FBgn0261284	32	11	14	166	60	92	18	19	23	97	95	128	63.31	20	107	5.357	2.421	2.26470424535986e-13	2.94842924133994e-11	0.0455	0.0592
FBgn0024491	1782	544	599	3852	1157	1357	1021	955	963	2252	1831	1884	1484.3	980	1989	2.031	1.022	4.0351931546522e-13	5.0917929622242e-11	0.0131	0.0173
FBgn0051642	77	43	27	331	156	144	44	76	43	194	247	200	133.89	54	214	4.011	2.004	5.12961432609635e-13	6.37471162161246e-11	0.0397	0.0455
FBgn0038198	46	19	8	198	75	117	26	33	13	116	119	162	78.24	24	132	5.379	2.427	5.574032906283e-13	6.82361461154226e-11	0.053	0.0564
FBgn0038149	1318	442	537	2644	1035	1378	755	776	863	1546	1638	1913	1248.5	798	1699	2.13	1.091	6.07291129592091e-13	7.32500271310931e-11	0.0151	0.0168
FBgn0265276	197	54	46	617	188	196	113	95	74	361	298	272	201.99	94	310	3.257	1.704	6.26486622898252e-13	7.4470192478427e-11	0.0315	0.0353
FBgn0031327	871	347	406	2096	823	902	499	609	653	1226	1303	1252	923.49	587	1260	2.157	1.109	1.75711399640264e-12	1.97422589020472e-10	0.0159	0.0167
FBgn0032598	451	135	163	913	374	393	258	237	262	534	592	545	404.78	252	557	2.198	1.136	8.56651750658652e-12	9.36834354520302e-10	0.0162	0.0227
FBgn0031150	1200	315	321	2871	753	909	687	553	516	1679	1192	1262	981.44	585	1378	2.347	1.231	1.3172506507702e-11	1.40312855033989e-09	0.0218	0.0166
FBgn0040271	1596	520	560	3239	1144	1146	914	913	900	1894	1811	1591	1337.1	909	1765	1.942	0.958	1.34885904616917e-11	1.41837716624097e-09	0.0132	0.0169
FBgn0050463	33	10	10	204	62	49	19	18	16	119	98	68	56.33	18	95	5.382	2.428	1.60346283345031e-11	1.66475976708347e-09	0.057	0.06
FBgn0034885	135	72	56	437	198	243	77	126	90	256	313	337	199.99	98	302	3.133	1.647	2.07290022537058e-11	2.09900341339376e-09	0.0338	0.0359
FBgn0037153	161	47	39	502	151	159	92	83	63	294	239	221	165.11	79	251	3.137	1.649	3.3012005250536e-11	3.22338651267734e-09	0.0341	0.04
FBgn0034438	73	21	28	272	95	89	42	37	45	159	150	124	92.77	41	144	3.495	1.805	5.87651001840627e-11	5.67048649070215e-09	0.0365	0.0532
FBgn0000116	719	302	276	1377	890	877	412	530	444	805	1409	1217	802.8	462	1144	2.476	1.308	1.23215539741243e-10	1.08668156662116e-08	0.027	0.0171
FBgn0038528	175	65	67	563	154	205	100	114	108	329	244	285	196.59	107	286	2.693	1.429	1.4018915080406e-10	1.19774105718219e-08	0.0275	0.036
FBgn0039479	172	76	75	456	217	242	99	133	121	267	343	336	216.42	118	315	2.708	1.437	1.52451419489589e-10	1.28907890995218e-08	0.0283	0.0341
FBgn0030598	32	8	12	143	55	47	18	14	19	84	87	65	47.93	17	79	4.481	2.164	1.73436955320874e-10	1.4515611301447e-08	0.046	0.0614
FBgn0264302	857	240	242	1549	557	616	491	421	389	906	882	855	657.27	434	881	2.019	1.014	2.95465647338804e-10	2.44788812067967e-08	0.0163	0.018
FBgn0039464	1060	382	439	1852	976	1098	607	671	706	1083	1545	1524	1022.54	661	1384	2.092	1.065	3.29382057550183e-10	2.7015916360266e-08	0.0189	0.0166
FBgn0001258	2009	704	848	3479	1607	1896	1151	1236	1363	2034	2543	2632	1826.56	1250	2403	1.923	0.943	3.42042498125392e-10	2.77765600952918e-08	0.0152	0.0184
FBgn0035968	360	122	156	836	286	366	206	214	251	489	453	508	353.45	224	483	2.171	1.118	4.03537069370744e-10	3.18251061824889e-08	0.0187	0.0246
FBgn0033775	37	11	19	165	63	62	21	19	31	96	100	86	58.88	24	94	4.024	2.009	4.27645783600348e-10	3.34052449246672e-08	0.0444	0.0599
FBgn0263232	916	281	235	2632	642	630	525	493	378	1539	1016	874	804.22	465	1143	2.457	1.297	1.07992295375057e-09	7.90850720237695e-08	0.0299	0.0171
FBgn0020248	30	12	9	110	44	57	17	21	14	64	70	79	44.3	17	71	4.025	2.009	1.51240541558146e-09	1.07867384509558e-07	0.0418	0.0619
FBgn0024984	127	43	55	306	147	173	73	76	88	179	233	240	148.06	79	217	2.753	1.461	2.07226167213196e-09	1.44039747752766e-07	0.0317	0.0431
FBgn0052625	174	41	76	587	155	181	100	72	122	343	245	251	188.93	98	280	2.862	1.517	2.17925622126349e-09	1.50203861569775e-07	0.0372	0.0368
FBgn0033367	20102	6412	6907	37030	21575	20189	11514	11260	11104	21651	34147	28022	19616.18	11293	27940	2.474	1.307	4.34358626223681e-09	2.92017168220216e-07	0.0345	0.0331
FBgn0266525	2352	755	791	3952	1406	1581	1347	1326	1272	2311	2225	2194	1779.16	1315	2243	1.706	0.77	4.51370886891908e-09	3.00987318234751e-07	0.0116	0.0182
FBgn0031689	372	116	136	787	257	318	213	204	219	460	407	441	323.95	212	436	2.061	1.043	5.39567823143284e-09	3.51232959160414e-07	0.0186	0.0259
FBgn0063667	8	1	4	42	20	25	5	2	6	25	32	35	17.28	4	31	6.572	2.716	6.09588895292371e-09	3.93688828282522e-07	0.0509	0.0614
FBgn0051195	1455	442	474	2337	891	1006	833	776	762	1366	1410	1396	1090.75	790	1391	1.756	0.812	6.20574384672413e-09	3.9765242992837e-07	0.0127	0.0166
FBgn0033724	123	47	81	416	156	222	70	83	130	243	247	308	180.24	94	266	2.864	1.518	7.99155890183114e-09	5.04205893175531e-07	0.0396	0.0383
FBgn0039113	597	240	248	1229	434	583	342	421	399	719	687	809	562.79	387	738	1.917	0.939	8.67224837783402e-09	5.42975428969424e-07	0.0165	0.0192
FBgn0035727	78	26	23	202	84	95	45	46	37	118	133	132	85.04	43	128	2.97	1.57	9.76353192944917e-09	6.06670370343501e-07	0.0357	0.055
FBgn0027515	667	206	250	1255	430	475	382	362	402	734	681	659	536.55	382	691	1.812	0.858	2.30655017701012e-08	1.38089960232387e-06	0.0144	0.0196
FBgn0039593	45	7	19	151	48	67	26	12	31	88	76	93	54.31	23	86	3.646	1.866	3.56557536181251e-08	2.03089229983238e-06	0.0523	0.0605
FBgn0033635	2626	1358	1490	7202	2786	3117	1504	2385	2395	4211	4409	4326	3205.14	2095	4315	2.064	1.045	4.1350434599192e-08	2.33900872125912e-06	0.0252	0.0226
FBgn0003137	6420	2268	2192	11300	4907	5052	3677	3983	3524	6607	7766	7012	5428.19	3728	7128	1.912	0.935	5.12488472955482e-08	2.82109426522205e-06	0.0206	0.0267
FBgn0038476	2004	697	757	3516	1232	1350	1148	1224	1217	2056	1950	1874	1578.03	1196	1960	1.641	0.714	5.48842360327835e-08	3.0010700262726e-06	0.0115	0.0176
FBgn0030805	417	162	187	771	382	446	239	284	301	451	605	619	416.4	275	558	2.037	1.026	5.68605179520221e-08	3.08854283604295e-06	0.0219	0.0223
FBgn0250904	30	12	12	100	44	50	17	21	19	58	70	69	42.51	19	66	3.464	1.792	6.27011026187803e-08	3.38338449788971e-06	0.0417	0.0621
FBgn0259224	455	149	156	996	293	330	261	262	251	582	464	458	379.53	258	501	1.953	0.966	6.37751473808894e-08	3.41884809685003e-06	0.0192	0.0235
FBgn0036299	766	321	371	1473	660	838	439	564	596	861	1045	1163	777.97	533	1023	1.926	0.946	7.1106330558832e-08	3.76267176286155e-06	0.02	0.0172
FBgn0032451	704	259	335	1318	570	706	403	455	539	771	902	980	674.88	466	884	1.904	0.929	7.57231097356195e-08	3.93089206361741e-06	0.0192	0.0179
FBgn0063492	955	262	325	1567	536	681	547	460	522	916	848	945	706.55	510	903	1.766	0.821	8.00530530270522e-08	4.12952918822567e-06	0.0148	0.0176
FBgn0037680	665	191	221	1237	389	440	381	335	355	723	616	611	503.54	357	650	1.818	0.862	8.46521724888481e-08	4.33948199220958e-06	0.0159	0.0201
FBgn0038805	1173	354	441	1955	707	843	672	622	709	1143	1119	1170	905.76	668	1144	1.713	0.777	9.72739521894448e-08	4.92494417196189e-06	0.0137	0.0168
FBgn0035266	411	156	212	800	438	512	235	274	341	468	693	711	453.63	283	624	2.206	1.142	9.81090334220847e-08	4.93675025845361e-06	0.0291	0.0213
FBgn0035761	866	268	318	1473	534	626	496	471	511	861	845	869	675.52	493	858	1.742	0.8	1.0596104730876e-07	5.29934457333199e-06	0.0142	0.0179
FBgn0031117	406	140	189	725	354	458	233	246	304	424	560	636	400.35	261	540	2.071	1.051	1.40909580703343e-07	7.00448715714434e-06	0.0247	0.0229
FBgn0003502	1921	637	701	3054	1121	1283	1100	1119	1127	1786	1774	1781	1447.74	1115	1780	1.597	0.675	1.94915784401715e-07	9.24103620614374e-06	0.0111	0.0172
FBgn0261238	1331	517	484	2169	904	1044	762	908	778	1268	1431	1449	1099.39	816	1383	1.696	0.762	2.61683592718663e-07	1.20580271206656e-05	0.0144	0.0166
FBgn0034391	77	30	23	195	76	88	44	53	37	114	120	122	81.7	45	119	2.664	1.414	3.03541169146698e-07	1.37549429245371e-05	0.0366	0.0557
FBgn0032436	13	6	4	62	31	18	7	11	6	36	49	25	22.45	8	37	4.554	2.187	3.34433661563756e-07	1.50715653414611e-05	0.058	0.0622
FBgn0038341	574	221	234	972	452	486	329	388	376	568	715	675	508.55	364	653	1.794	0.844	4.00030895356921e-07	1.79292535722266e-05	0.0171	0.0201
FBgn0063493	343	114	133	673	215	337	196	200	214	393	340	468	302	203	400	1.973	0.98	4.35811395699445e-07	1.93217571217668e-05	0.0223	0.0272
FBgn0036007	2033	669	683	3501	1226	1168	1164	1175	1098	2047	1940	1621	1507.63	1146	1869	1.633	0.707	5.05139990677694e-07	2.20380755507364e-05	0.0133	0.0174
FBgn0035811	1109	486	609	2226	1041	1204	635	853	979	1302	1648	1671	1181.32	822	1540	1.878	0.909	5.22030046919866e-07	2.26137737460032e-05	0.0221	0.0167
FBgn0004507	2873	907	999	4031	1943	2236	1646	1593	1606	2357	3075	3104	2229.98	1615	2845	1.76	0.815	5.30318093981013e-07	2.26545260772514e-05	0.0182	0.0197
FBgn0032089	168	50	55	325	122	160	96	88	88	190	193	222	146.27	91	202	2.201	1.138	5.28591253527959e-07	2.26545260772514e-05	0.0274	0.0432
FBgn0003076	2397	751	910	3500	1401	1772	1373	1319	1463	2046	2217	2460	1812.99	1385	2241	1.617	0.693	6.32164845214816e-07	2.686536818887e-05	0.0131	0.0183
FBgn0051363	11796	3226	3168	23066	6651	7898	6756	5665	5093	13487	10526	10962	8748.27	5838	11658	1.997	0.998	6.54211779203665e-07	2.75171539129665e-05	0.0283	0.0295
FBgn0015568	277	73	127	535	225	257	159	128	204	313	356	357	252.77	164	342	2.083	1.059	6.79863279887948e-07	2.84501970491885e-05	0.0268	0.0307
FBgn0034354	525	164	248	969	374	487	301	288	399	567	592	676	470.3	329	612	1.861	0.896	6.85417997811824e-07	2.85370478073735e-05	0.0203	0.0209
FBgn0004396	4362	1157	932	8252	2274	2578	2498	2032	1498	4825	3599	3578	3005.1	2009	4001	1.989	0.992	9.22146688924537e-07	3.7442807636431e-05	0.0285	0.0221
FBgn0260484	905	310	279	1364	586	617	518	544	449	798	927	856	682.1	504	860	1.704	0.769	9.61092443813929e-07	3.88319222865116e-05	0.0156	0.0178
FBgn0035710	20	3	5	61	22	25	11	5	8	36	35	35	21.66	8	35	3.806	1.928	9.69357514410043e-07	3.89738741823097e-05	0.0465	0.0622
FBgn0030037	1138	374	390	1721	683	765	652	657	627	1006	1081	1062	847.43	645	1050	1.625	0.7	1.02823469522784e-06	4.11394193671156e-05	0.0132	0.0169
FBgn0259740	1061	286	356	2197	546	666	608	502	572	1285	864	924	792.56	561	1024	1.828	0.87	1.08447580387584e-06	4.31789832203382e-05	0.021	0.0171
FBgn0261989	11	6	3	74	17	17	6	11	5	43	27	24	19.24	7	31	4.614	2.206	1.14627719023392e-06	4.54191570739064e-05	0.0653	0.062
FBgn0031049	613	162	244	1400	375	399	351	284	392	819	594	554	498.95	342	656	1.917	0.939	1.16860911675835e-06	4.60814037290961e-05	0.0239	0.0202
FBgn0036560	18	4	5	74	14	32	10	7	8	43	22	44	22.54	8	36	4.149	2.053	1.19158101363479e-06	4.6762428104462e-05	0.0617	0.0623
FBgn0262794	1603	434	561	3792	871	978	918	762	902	2217	1379	1357	1255.88	861	1651	1.92	0.941	1.35583250234476e-06	5.27039724371172e-05	0.0259	0.0168
FBgn0038436	985	354	374	1584	605	733	564	622	601	926	958	1017	781.36	596	967	1.626	0.701	1.53436719645551e-06	5.93626403081513e-05	0.0135	0.0172
FBgn0031516	1471	484	480	2280	824	930	843	850	772	1333	1304	1291	1065.36	822	1309	1.593	0.672	1.57213304292309e-06	6.01751119519868e-05	0.0128	0.0166
FBgn0267488	3534	1301	1246	6095	2184	2440	2024	2285	2003	3564	3457	3387	2786.47	2104	3469	1.65	0.722	1.57737735548368e-06	6.01751119519868e-05	0.0157	0.0214
FBgn0005640	2453	905	845	3755	1418	1740	1405	1589	1358	2196	2244	2415	1867.92	1451	2285	1.576	0.656	1.58597209538352e-06	6.02228848441466e-05	0.0126	0.0185
FBgn0036862	504	167	138	927	284	346	289	293	222	542	449	480	379.25	268	490	1.83	0.872	1.7735911873458e-06	6.70368429429042e-05	0.0203	0.0235
FBgn0037739	575	161	193	970	326	369	329	283	310	567	516	512	419.6	307	532	1.725	0.786	1.85701458989759e-06	6.95490121750686e-05	0.0164	0.0222
FBgn0004108	758	341	394	1436	685	802	434	599	633	840	1084	1113	783.88	555	1012	1.829	0.871	1.93538876659817e-06	7.21548121074465e-05	0.022	0.0172
FBgn0086906	1912	676	627	2862	1284	1155	1095	1187	1008	1673	2032	1603	1433.15	1097	1769	1.612	0.689	2.20658386278667e-06	8.18932164822455e-05	0.0142	0.0172
FBgn0027949	2348	726	862	3228	1401	1549	1345	1275	1386	1887	2217	2150	1710.04	1335	2085	1.559	0.641	2.61641080978833e-06	9.58026850976959e-05	0.0125	0.018
FBgn0259821	266	80	66	592	179	167	152	140	106	346	283	232	210.03	133	287	2.15	1.104	2.73419261877774e-06	9.96704349298444e-05	0.033	0.0344
FBgn0039485	76	18	29	186	70	68	44	32	47	109	111	94	72.61	41	105	2.545	1.348	3.25917246090786e-06	0.000117244440896343	0.0407	0.0574
FBgn0266801	339	126	81	677	221	249	194	221	130	396	350	346	272.81	182	364	1.999	0.999	3.40854679154869e-06	0.000121551742540358	0.028	0.029
FBgn0037678	27	16	9	76	52	51	15	28	14	44	82	71	42.59	19	66	3.454	1.788	4.42567885177579e-06	0.000154465608264957	0.068	0.0622
FBgn0037468	5638	1207	1500	10497	2855	3050	3229	2120	2411	6138	4519	4233	3774.95	2587	4963	1.917	0.939	4.50077458657174e-06	0.000155760983793508	0.0294	0.024
FBgn0003447	44	15	23	149	44	57	25	26	37	87	70	79	54.07	29	79	2.736	1.452	5.46062918610744e-06	0.000187397826713193	0.0461	0.0606
FBgn0029147	1329	495	600	2147	969	1027	761	869	965	1255	1534	1425	1134.91	865	1405	1.626	0.701	5.98394333662815e-06	0.000203652710568565	0.016	0.0166
FBgn0046258	4	3	6	44	12	15	2	5	10	26	19	21	13.79	6	22	4.64	2.214	6.10661043557922e-06	0.00020696867269678	0.0566	0.0609
FBgn0034405	3514	1145	1384	5750	2009	2387	2013	2011	2225	3362	3180	3313	2683.84	2083	3285	1.578	0.658	8.14507018112406e-06	0.000271568559453575	0.0151	0.0211
FBgn0039381	1234	455	539	2092	823	854	707	799	866	1223	1303	1185	1013.89	791	1237	1.569	0.649	8.80882148869767e-06	0.000290160457230114	0.014	0.0166
FBgn0039788	18	2	8	69	20	19	10	4	13	40	32	26	20.84	9	33	3.564	1.833	1.03980859571329e-05	0.000339781278965755	0.0576	0.0621
FBgn0001124	1824	695	789	2784	1197	1380	1045	1220	1268	1628	1894	1915	1495.21	1178	1812	1.541	0.624	1.23638463054459e-05	0.000400823191293547	0.0137	0.0173
FBgn0010097	129	47	56	250	109	160	74	83	90	146	173	222	131.2	82	180	2.198	1.136	1.26546527559167e-05	0.000407033183937368	0.0373	0.046
FBgn0285963	2888	893	1067	4051	1550	1788	1654	1568	1715	2369	2453	2482	2040.18	1646	2435	1.478	0.564	1.43113293145356e-05	0.00045673744372693	0.0115	0.0191
FBgn0053556	378	118	116	558	253	256	217	207	186	326	400	355	282.03	203	360	1.759	0.814	1.59171098910766e-05	0.000500199752209236	0.0208	0.0285
FBgn0022702	330	180	180	691	352	413	189	316	289	404	557	573	388.14	265	511	1.947	0.961	1.63380542859697e-05	0.000509523654956362	0.0316	0.0233
FBgn0003317	2064	698	827	3169	1178	1304	1182	1226	1329	1853	1864	1810	1544.11	1246	1842	1.481	0.566	1.68746491121303e-05	0.000524264666733684	0.0116	0.0175
FBgn0035539	28	3	5	53	23	39	16	5	8	31	36	54	25.14	10	40	3.56	1.832	1.78252012643527e-05	0.000550909568949793	0.0731	0.0624
FBgn0050035	1994	766	773	2853	1276	1422	1142	1345	1243	1668	2020	1974	1565.21	1243	1887	1.518	0.603	2.07180957826943e-05	0.000624741991211979	0.0135	0.0175
FBgn0033368	107	24	30	189	76	86	61	42	48	111	120	119	83.64	50	117	2.238	1.162	2.5226585914718e-05	0.000750678705054707	0.0386	0.0552
FBgn0014869	2450	844	986	3311	1595	1718	1403	1482	1585	1936	2524	2385	1885.89	1490	2282	1.53	0.614	2.77388800849176e-05	0.00082135124352525	0.0146	0.0185
FBgn0038261	22	15	9	68	40	39	13	26	14	40	63	54	35.1	18	52	3.055	1.611	2.84829810804708e-05	0.000837338390043088	0.0608	0.0625
FBgn0259741	34	13	12	102	35	32	19	23	19	60	55	44	36.84	20	53	2.635	1.398	2.95965105291165e-05	0.000866966354856477	0.0436	0.0624
FBgn0010894	271	74	78	589	152	164	155	130	125	344	241	228	203.86	137	271	1.977	0.983	3.12013546096104e-05	0.000904288022996552	0.0334	0.0351
FBgn0000405	3685	1258	1235	5421	2150	2223	2111	2209	1985	3170	3403	3086	2660.51	2102	3220	1.532	0.615	3.21337825975694e-05	0.00092803269318755	0.0152	0.0211
FBgn0260933	1239	458	435	1771	752	857	710	804	699	1035	1190	1190	938.07	738	1138	1.543	0.626	3.22989630885461e-05	0.000929530158779842	0.0148	0.0167
FBgn0039178	20	5	4	49	32	17	11	9	6	29	51	24	21.59	9	35	3.513	1.813	3.26521976100408e-05	0.000936410226564876	0.0685	0.0621
FBgn0003074	3139	1157	1251	4456	2181	2321	1798	2032	2011	2605	3452	3222	2519.92	1947	3093	1.588	0.668	3.49336959908569e-05	0.000998349040128948	0.0181	0.0206
FBgn0031307	2708	990	1170	4023	1812	2197	1551	1738	1881	2352	2868	3049	2239.98	1723	2756	1.6	0.678	3.68954622703893e-05	0.00105075201924213	0.0187	0.0197
FBgn0038720	400	132	135	644	224	290	229	232	217	377	355	403	301.92	226	378	1.671	0.741	3.79732523432821e-05	0.00107770455266298	0.0189	0.0272
FBgn0032635	966	338	376	1492	565	631	553	594	604	872	894	876	732.28	584	881	1.512	0.596	4.190682676916e-05	0.0011771225793173	0.0134	0.0175
FBgn0010314	520	165	177	964	302	294	298	290	285	564	478	408	386.97	291	483	1.667	0.737	4.68505005191909e-05	0.00127240995118677	0.0202	0.0232
FBgn0087007	198	64	77	357	139	157	113	112	124	209	220	218	166.04	116	216	1.85	0.887	4.93656595799023e-05	0.00133189848642881	0.0263	0.0402
FBgn0034067	170	70	80	334	145	174	97	123	129	195	229	242	169.2	116	222	1.926	0.945	5.21357206255531e-05	0.0013974417665712	0.0308	0.0399
FBgn0003886	465	212	238	775	414	551	266	372	383	453	655	765	482.4	340	624	1.84	0.88	5.52100077172907e-05	0.00147502437556097	0.0309	0.0207
FBgn0031688	42	5	16	116	40	30	24	9	26	68	63	42	38.56	20	58	2.842	1.507	5.76722202674582e-05	0.00153083349719642	0.0648	0.0622
FBgn0035969	9	2	8	38	15	18	5	4	13	22	24	25	15.41	7	24	3.466	1.793	6.1111587091573e-05	0.00161689431395188	0.0509	0.0611
FBgn0032420	198	59	69	384	113	153	113	104	111	225	179	212	157.28	109	205	1.879	0.91	6.14071079068812e-05	0.00161948906447665	0.0287	0.0413
FBgn0000565	1010	306	397	1321	604	761	579	537	638	772	956	1056	756.44	585	928	1.583	0.663	6.20507730152664e-05	0.00163121935984364	0.0179	0.0173
FBgn0039759	9	4	10	42	17	32	5	7	16	25	27	44	20.69	9	32	3.653	1.869	6.3423855387784e-05	0.00165669573850511	0.0766	0.0619
FBgn0035150	4386	1355	1484	6711	2265	2512	2512	2379	2386	3924	3585	3487	3045.43	2426	3665	1.511	0.595	6.57739046884111e-05	0.00170720748814667	0.0155	0.0222
FBgn0005660	357	147	138	591	250	290	204	258	222	346	396	403	304.7	228	382	1.678	0.747	6.88677261851578e-05	0.00178187094691061	0.0208	0.0271
FBgn0259246	540	247	228	908	437	439	309	434	367	531	692	609	490.24	370	611	1.658	0.729	7.11533356531457e-05	0.00183521905354434	0.0213	0.0205
FBgn0011016	2845	873	1098	4368	1448	1657	1630	1533	1765	2554	2292	2300	2012.21	1643	2382	1.451	0.537	7.21764828498869e-05	0.00184421031879991	0.0125	0.019
FBgn0039844	827	320	296	1497	465	536	474	562	476	875	736	744	644.44	504	785	1.566	0.647	7.27471726500823e-05	0.00185301959650924	0.0171	0.0182
FBgn0035623	495	164	199	835	288	328	284	288	320	488	456	455	381.79	297	466	1.576	0.656	9.09835774845467e-05	0.00227514421502516	0.0168	0.0234
FBgn0027597	632	207	259	944	380	445	362	363	416	552	601	618	485.48	380	590	1.551	0.634	9.40872107410998e-05	0.00234560274315654	0.0162	0.0205
FBgn0037850	490	180	211	773	324	369	281	316	339	452	513	512	402.15	312	492	1.583	0.662	9.80726104145621e-05	0.00243018595353546	0.0174	0.0228
FBgn0028434	125	25	50	237	83	104	72	44	80	139	131	144	101.69	65	138	2.088	1.062	0.000106602628728243	0.0026256899724596	0.0407	0.0515
FBgn0261278	2240	712	861	3179	1166	1329	1283	1250	1384	1859	1845	1845	1577.71	1306	1850	1.417	0.503	0.000114920294177968	0.00280528646680861	0.0114	0.0176
FBgn0031268	164	67	58	350	106	135	94	118	93	205	168	187	144.1	102	187	1.86	0.895	0.00011788922885706	0.00286922093497213	0.0296	0.0435
FBgn0000490	319	114	98	512	208	202	183	200	158	299	329	280	241.56	180	303	1.679	0.748	0.000144088935079769	0.00345560656586042	0.0224	0.0316
FBgn0037844	412	131	139	594	256	262	236	230	223	347	405	364	300.93	230	372	1.611	0.688	0.000145537078284921	0.00348016068831756	0.0192	0.0273
FBgn0000146	2607	828	983	3839	1342	1477	1493	1454	1580	2245	2124	2050	1824.36	1509	2140	1.419	0.504	0.000158404411585145	0.00375500862376114	0.0121	0.0183
FBgn0028327	7274	1993	2381	9981	3786	4276	4166	3500	3828	5836	5992	5935	4876.13	3831	5921	1.545	0.627	0.000169218028558976	0.0039655036292592	0.0196	0.0259
FBgn0035932	42	5	17	86	39	36	24	9	27	50	62	50	37.02	20	54	2.56	1.356	0.000171258206949826	0.00400187981026346	0.0571	0.0624
FBgn0037046	32	9	8	116	30	18	18	16	13	68	47	25	31.21	16	47	2.967	1.569	0.000179661944388088	0.00417446818093796	0.0813	0.0625
FBgn0250785	2061	778	843	2937	1194	1405	1180	1366	1355	1717	1890	1950	1576.5	1300	1852	1.426	0.512	0.000180484610325028	0.00418173664939514	0.0126	0.0176
FBgn0024177	682	176	269	1095	387	386	391	309	432	640	613	536	486.77	377	596	1.578	0.658	0.000182472349129195	0.00421588227481031	0.0195	0.0205
FBgn0086355	5603	2302	2412	8128	4324	5011	3209	4042	3878	4752	6844	6955	4946.72	3710	6184	1.667	0.737	0.000184063027553289	0.00424068806739348	0.0274	0.026
FBgn0003041	2592	896	959	3746	1382	1501	1485	1573	1542	2190	2187	2083	1843.44	1533	2153	1.406	0.491	0.000185434216840446	0.004260312175141	0.0117	0.0184
FBgn0038545	127	26	41	278	70	85	73	46	66	163	111	118	95.94	62	131	2.103	1.072	0.000186195790349757	0.004265859978907	0.0455	0.0523
FBgn0265274	69	17	26	140	50	59	40	30	42	82	79	82	59.01	37	81	2.157	1.109	0.000191318023581864	0.00435886230394015	0.0413	0.0598
FBgn0039876	396	130	133	639	207	262	227	228	214	374	328	364	288.97	223	355	1.594	0.673	0.000195756634951709	0.004423129255851	0.019	0.028
FBgn0035957	16	5	4	47	10	23	9	9	6	27	16	32	16.6	8	25	3.02	1.594	0.000200452386541241	0.00451678701761334	0.0546	0.0615
FBgn0000447	1045	322	410	1626	536	629	599	565	659	951	848	873	749.2	608	891	1.468	0.554	0.000211246066525224	0.00472109056577625	0.0143	0.0174
FBgn0266064	5040	1828	1990	7146	3181	3503	2887	3210	3199	4178	5035	4862	3895.14	3099	4692	1.514	0.598	0.000219264261549994	0.00487372756973726	0.0184	0.0242
FBgn0015777	1895	608	594	2808	894	1046	1085	1068	955	1642	1415	1452	1269.43	1036	1503	1.451	0.537	0.000222184154730414	0.00491200656899961	0.0142	0.0168
FBgn0259734	477	186	156	740	274	332	273	327	251	433	434	461	362.96	284	443	1.564	0.645	0.000249518188000835	0.00541414861900226	0.0187	0.0242
FBgn0041604	539	161	171	819	282	299	309	283	275	479	446	415	367.76	289	447	1.544	0.626	0.000253499713235758	0.00548602809488044	0.0176	0.024
FBgn0016032	578	248	283	1029	416	437	331	435	455	602	658	607	514.68	407	622	1.539	0.622	0.000262115793949602	0.00565756247888061	0.0182	0.02
FBgn0035523	79	10	23	180	65	41	45	18	37	105	103	57	60.8	33	88	2.562	1.358	0.000271503517028168	0.00584480799649616	0.0767	0.0593
FBgn0011606	2872	1023	1014	3736	1588	1743	1645	1796	1630	2184	2513	2419	2031.42	1690	2372	1.403	0.488	0.000273139693975271	0.00584932577019627	0.0123	0.019
FBgn0051361	2360	862	807	3234	1240	1421	1352	1514	1297	1891	1963	1972	1664.76	1388	1942	1.4	0.485	0.000276672692445369	0.0059095557902003	0.012	0.0178
FBgn0052185	34	9	7	71	24	29	19	16	11	42	38	40	27.71	15	40	2.444	1.289	0.000281663325158819	0.00600052621546139	0.0457	0.0625
FBgn0051460	377	99	150	674	203	233	216	174	241	394	321	323	278.28	210	346	1.649	0.722	0.000289697264761433	0.00614249058095716	0.0239	0.0286
FBgn0063491	1686	543	646	2252	874	1128	966	954	1039	1317	1383	1566	1203.9	986	1422	1.441	0.528	0.000289824903051746	0.00614249058095716	0.0141	0.0167
FBgn0001091	5417	2371	2543	8312	4365	5149	3103	4164	4088	4860	6908	7147	5044.93	3785	6305	1.666	0.737	0.000296495719622235	0.00626767498026178	0.0293	0.0262
FBgn0263916	3341	1023	1210	4251	1783	2179	1914	1796	1945	2486	2822	3024	2331.19	1885	2777	1.472	0.558	0.000299316512828587	0.00627875713099761	0.0165	0.02
FBgn0031461	921	311	314	1298	531	525	528	546	505	759	840	729	651.08	526	776	1.474	0.559	0.000307725095884537	0.00642775913073439	0.0153	0.0181
FBgn0036688	493	186	237	732	374	423	282	327	381	428	592	587	432.84	330	536	1.625	0.7	0.000307986995656988	0.00642775913073439	0.0238	0.0219
FBgn0023091	18	5	4	35	20	20	10	9	6	20	32	28	17.57	8	27	2.847	1.51	0.000310994031800371	0.0064740432711336	0.0507	0.0615
FBgn0032820	532	176	202	775	297	354	305	309	325	453	470	491	392.18	313	471	1.507	0.592	0.000311911936560953	0.00647671317385553	0.0161	0.0231
FBgn0036752	9320	3228	3360	14505	5316	5954	5338	5668	5402	8481	8414	8264	6927.82	5469	8386	1.533	0.617	0.000328131598536639	0.0067621491738631	0.0209	0.0282
FBgn0038815	262	90	91	469	157	167	150	158	146	274	248	232	201.48	151	251	1.668	0.738	0.000330347540341646	0.00679075319769971	0.024	0.0355
FBgn0030954	17	8	7	40	23	26	10	14	11	23	36	36	21.82	12	32	2.745	1.457	0.000331788927780806	0.00680333196414543	0.0535	0.062
FBgn0264343	56	9	8	222	29	29	32	16	13	130	46	40	46.12	20	72	3.431	1.779	0.000334189593720647	0.00683546894687467	0.1413	0.061
FBgn0261444	1212	457	372	1669	681	747	694	803	598	976	1078	1037	864.2	698	1030	1.475	0.561	0.000338841262112506	0.00689621844130714	0.0161	0.0169
FBgn0051219	2643	990	1199	4958	1443	1677	1514	1738	1928	2899	2284	2328	2115.04	1727	2504	1.454	0.54	0.000349482638272253	0.007077670615084	0.0157	0.0193
FBgn0033268	112	40	52	202	86	120	64	70	84	118	136	167	106.46	73	140	1.937	0.954	0.000354990479337601	0.00715388676050861	0.0382	0.0508
FBgn0026179	799	274	243	1048	466	464	458	481	391	613	738	644	553.96	443	665	1.495	0.58	0.000368809498391804	0.00739602813156376	0.0167	0.0193
FBgn0033777	1657	533	555	2498	809	880	949	936	892	1461	1280	1221	1123.28	926	1321	1.428	0.514	0.000368587776920917	0.00739602813156376	0.0138	0.0166
FBgn0050185	777	224	275	1045	401	451	445	393	442	611	635	626	525.36	427	624	1.457	0.543	0.000372634975780454	0.00745451724719826	0.0143	0.0198
FBgn0011674	180	47	59	312	99	119	103	83	95	182	157	165	130.79	94	168	1.786	0.837	0.000381360415134245	0.00759203428381329	0.0302	0.0457
FBgn0261563	2758	1210	1067	4463	1837	1866	1580	2125	1715	2609	2907	2590	2254.45	1807	2702	1.498	0.583	0.000385153723724163	0.00764898508955347	0.0187	0.0198
FBgn0259111	3833	1527	1465	5545	2337	2622	2195	2681	2355	3242	3699	3639	2968.7	2410	3527	1.464	0.55	0.000397348747384807	0.00784153446811301	0.0168	0.0219
FBgn0023477	2535	1012	1180	3653	1649	1937	1452	1777	1897	2136	2610	2689	2093.39	1709	2478	1.452	0.538	0.000409284078263353	0.00805023503576983	0.016	0.0192
FBgn0043575	12	10	11	61	17	32	7	18	18	36	27	44	24.85	14	36	2.827	1.499	0.000413695363954003	0.00811753439031276	0.0686	0.0623
FBgn0027836	4797	1846	2028	6619	3248	3771	2748	3242	3260	3870	5141	5234	3915.7	3083	4748	1.54	0.623	0.000417718239008269	0.0081769092991547	0.022	0.0242
FBgn0033541	25	7	13	66	24	26	14	12	21	39	38	36	26.7	16	38	2.408	1.268	0.000419445663472018	0.00819089989960702	0.0443	0.0625
FBgn0032105	966	333	392	1377	561	612	553	585	630	805	888	849	718.45	589	847	1.439	0.525	0.000434749044357222	0.0083796851421703	0.0142	0.0176
FBgn0035173	792	312	266	1192	443	506	454	548	428	697	701	702	588.26	477	700	1.473	0.559	0.00043522870892033	0.0083796851421703	0.0159	0.0188
FBgn0264574	14	7	5	45	23	12	8	12	8	26	36	17	17.95	9	26	2.873	1.522	0.000438848055042534	0.00842958254674207	0.0584	0.0616
FBgn0261109	441	200	227	801	334	366	253	351	365	468	529	508	412.28	323	502	1.567	0.648	0.000481243238019169	0.00915813697965946	0.0214	0.0225
FBgn0037812	23	7	6	57	19	19	13	12	10	33	30	26	20.81	12	30	2.503	1.324	0.000487314872310462	0.00925221431178336	0.0446	0.0621
FBgn0027843	1269	369	515	1809	652	772	727	648	828	1058	1032	1072	893.98	734	1054	1.435	0.521	0.000506456196681635	0.00956418001941989	0.0147	0.0168
FBgn0033438	2320	787	722	3120	1087	1308	1329	1382	1161	1824	1720	1815	1538.61	1291	1786	1.384	0.469	0.000507244368257456	0.00956418001941989	0.0123	0.0175
FBgn0029848	18	5	5	50	13	17	10	9	8	29	21	24	16.76	9	25	2.665	1.414	0.000510651298071848	0.00958435228097321	0.047	0.0615
FBgn0035267	42	20	11	90	43	38	24	35	18	53	68	53	41.71	26	58	2.264	1.179	0.000510542948719533	0.00958435228097321	0.05	0.0621
FBgn0085354	226	62	98	351	142	186	129	109	158	205	225	258	180.67	132	229	1.731	0.792	0.000513125866489786	0.00959345421423948	0.03	0.0382
FBgn0011592	857	265	275	1274	430	446	491	465	442	745	681	619	573.8	466	682	1.462	0.548	0.000522725010381598	0.00969997858631191	0.0157	0.019
FBgn0051125	41	9	10	71	31	32	23	16	16	42	49	44	31.73	18	45	2.283	1.191	0.000545669839177166	0.0100801441912863	0.0459	0.0626
FBgn0034793	744	261	360	1170	446	604	426	458	579	684	706	838	615.25	488	743	1.527	0.611	0.000553826475339572	0.0101798941093365	0.0203	0.0185
FBgn0036641	300	117	151	555	201	242	172	205	243	325	318	336	266.43	207	326	1.595	0.673	0.00055479053811701	0.0101798941093365	0.0223	0.0296
FBgn0261842	61	20	43	143	62	92	35	35	69	84	98	128	74.77	46	103	2.251	1.171	0.000567034328351404	0.01035816383327	0.0626	0.0573
FBgn0037213	848	324	285	1206	451	594	486	569	458	705	714	824	626.04	504	748	1.484	0.57	0.000576179841630151	0.0104785522417971	0.0176	0.0184
FBgn0259935	82	32	23	175	61	58	47	56	37	102	97	81	69.92	47	93	2.005	1.003	0.000579849694796629	0.0105219628246061	0.0423	0.0579
FBgn0039651	84	44	35	181	84	82	48	77	56	106	133	114	89.04	60	118	1.974	0.981	0.000583950605178642	0.0105496979376106	0.0427	0.0545
FBgn0042102	14	5	3	39	14	12	8	9	5	23	22	17	13.87	7	21	2.785	1.478	0.000590168266391178	0.0106385936723966	0.045	0.061
FBgn0038804	172	50	61	256	115	124	99	88	98	150	182	172	131.36	95	168	1.753	0.81	0.000602939794602253	0.0108449828844905	0.0301	0.0459
FBgn0031245	288	93	128	495	175	206	165	163	206	289	277	286	231.06	178	284	1.604	0.682	0.000626486488817483	0.0112438559765449	0.0229	0.0325
FBgn0283545	41	13	11	73	37	33	23	23	18	43	59	46	35.17	21	49	2.218	1.149	0.000644112475380237	0.0115098268476442	0.0447	0.0625
FBgn0002567	63	23	26	118	53	63	36	40	42	69	84	87	59.77	39	80	2.033	1.024	0.000673282620042469	0.0119164569924131	0.0426	0.0599
FBgn0031489	1616	614	707	2424	953	1079	926	1078	1137	1417	1508	1498	1260.6	1047	1474	1.411	0.497	0.000675585528099498	0.0119164569924131	0.0143	0.0168
FBgn0034139	36	10	17	74	29	41	21	18	27	43	46	57	35.26	22	49	2.219	1.15	0.000672227831172567	0.0119164569924131	0.0449	0.0625
FBgn0035113	194	60	66	296	117	135	111	105	106	173	185	187	144.7	107	182	1.681	0.749	0.000694541880559006	0.0122245332711265	0.0262	0.0435
FBgn0051116	257	88	100	429	159	172	147	155	161	251	252	239	200.62	154	247	1.609	0.686	0.000713998957193892	0.0125400844687458	0.0231	0.0357
FBgn0035076	40	9	20	77	33	47	23	16	32	45	52	65	38.89	24	54	2.259	1.176	0.000716931642559887	0.0125646866074278	0.0521	0.0623
FBgn0000043	44136	16052	17308	65571	29782	34401	25280	28188	27824	38339	47136	47748	35752.49	27097	44408	1.639	0.713	0.000793866035971178	0.0138243932633452	0.0322	0.0354
FBgn0037028	562	141	189	783	244	363	322	248	304	458	386	504	370.19	291	449	1.536	0.619	0.000803148129323822	0.0139564003320212	0.0211	0.0239
FBgn0032140	3419	1164	1270	5060	1681	2074	1958	2044	2042	2959	2660	2879	2423.62	2015	2833	1.407	0.493	0.000806233566316748	0.0139803968518604	0.015	0.0203
FBgn0261258	4268	1254	1154	5814	1873	2205	2445	2202	1855	3399	2964	3061	2654.36	2167	3141	1.449	0.535	0.000831437373294208	0.0143567354437034	0.0179	0.021
FBgn0002543	1431	637	536	2178	909	955	820	1119	862	1273	1439	1326	1139.59	934	1346	1.445	0.531	0.000837372458500483	0.0144288422365987	0.017	0.0166
FBgn0085339	2334	702	745	2767	1157	1224	1337	1233	1198	1618	1831	1699	1485.86	1256	1716	1.363	0.447	0.000859126782500816	0.0147417528662588	0.0121	0.0173
FBgn0263121	328	25	121	745	255	165	188	44	195	436	404	229	249.08	142	356	2.485	1.313	0.000881037644605447	0.0149922629897383	0.1037	0.0307
FBgn0039538	148	52	48	220	92	134	85	91	77	129	146	186	118.91	84	154	1.805	0.852	0.00089806282243388	0.0152188249371956	0.0361	0.0483
FBgn0029856	400	81	133	750	182	206	229	142	214	439	288	286	266.28	195	338	1.726	0.787	0.000932964435262573	0.0156806850369337	0.0358	0.0294
FBgn0030662	1296	514	517	1749	787	926	742	903	831	1023	1246	1285	1004.92	825	1185	1.436	0.522	0.000955650255006705	0.0160291275901125	0.0166	0.0166
FBgn0035390	1960	604	694	2598	984	1036	1123	1061	1116	1519	1557	1438	1302.22	1100	1505	1.368	0.452	0.000957759619785394	0.0160317232683261	0.0125	0.0169
FBgn0030343	2267	1009	937	3083	1546	1759	1298	1772	1506	1803	2447	2441	1877.93	1525	2230	1.463	0.549	0.000965384762499877	0.0160936703699675	0.0191	0.0185
FBgn0001223	399	170	196	640	269	383	229	299	315	374	426	532	362.28	281	444	1.589	0.668	0.000968807070998036	0.0161179626700322	0.0256	0.0243
FBgn0030305	816	259	329	1178	492	464	467	455	529	689	779	644	593.76	484	704	1.455	0.541	0.000980178199997954	0.0162086009603217	0.0172	0.0188
FBgn0031018	58	24	13	122	42	46	33	42	21	71	66	64	49.65	32	67	2.097	1.069	0.000980183623057737	0.0162086009603217	0.0493	0.0612
FBgn0034029	855	256	322	1291	405	491	490	450	518	755	641	682	589.04	486	693	1.428	0.514	0.00101947284477717	0.016756946438602	0.0155	0.0188
FBgn0030433	652	251	324	1078	416	467	373	441	521	630	658	648	545.33	445	645	1.459	0.545	0.00103166746036036	0.0169234730197513	0.0174	0.0194
FBgn0037240	3383	973	938	4558	1420	1638	1938	1709	1508	2665	2247	2274	2056.7	1718	2395	1.393	0.478	0.00103444071038899	0.0169350952227754	0.0147	0.0191
FBgn0000928	933	398	407	1385	621	667	534	699	654	810	983	926	767.67	629	906	1.444	0.53	0.00107036627591606	0.0174189368949672	0.0171	0.0173
FBgn0052056	1675	678	771	2389	1020	1344	959	1191	1239	1397	1614	1865	1377.68	1130	1625	1.441	0.527	0.0011007121729027	0.0178197544723657	0.0177	0.017
FBgn0264895	536	138	134	787	228	279	307	242	215	460	361	387	328.84	255	403	1.57	0.651	0.00109725166112253	0.0178197544723657	0.0248	0.0256
FBgn0032956	5394	1342	1413	8674	2317	2385	3090	2357	2272	5072	3667	3310	3294.46	2573	4016	1.561	0.642	0.00110679201577997	0.0178698978610773	0.0273	0.0228
FBgn0250906	3552	1568	1773	5518	2585	2995	2034	2753	2850	3226	4091	4157	3185.47	2546	3825	1.503	0.588	0.00111123861571016	0.0179064422908737	0.0229	0.0225
FBgn0029664	1026	331	384	1527	482	608	588	581	617	893	763	844	714.3	595	833	1.402	0.488	0.00111914409476471	0.0179632482686108	0.0143	0.0176
FBgn0011259	642	179	161	1056	283	304	368	314	259	617	448	422	404.69	314	496	1.578	0.658	0.00112816314489738	0.0180374154277745	0.0263	0.0226
FBgn0031538	287	116	149	456	216	269	164	204	240	267	342	373	264.91	203	327	1.623	0.699	0.00115099046731325	0.0183665832935862	0.028	0.0298
FBgn0032422	45	22	20	86	59	50	26	39	32	50	93	69	51.6	32	71	2.22	1.151	0.00117717634080106	0.0187479618393209	0.0618	0.0612
FBgn0035091	774	188	255	1102	358	390	443	330	410	644	567	541	489.28	394	584	1.475	0.561	0.00119052173508896	0.0189237582775188	0.019	0.0204
FBgn0025641	1172	491	458	1569	771	836	671	862	736	917	1220	1160	927.96	756	1099	1.454	0.54	0.00128180490638093	0.0202180073887238	0.0187	0.0167
FBgn0031148	3839	1452	1836	5201	2606	3262	2199	2550	2952	3041	4124	4528	3232.22	2567	3898	1.519	0.603	0.00128718671128799	0.0202251061417319	0.0247	0.0227
FBgn0031816	247	92	109	369	176	203	141	162	175	216	279	282	209.05	159	259	1.624	0.7	0.00132610383520615	0.0207570680464901	0.0277	0.0349
FBgn0030318	4081	1239	1397	5029	2116	2269	2337	2176	2246	2940	3349	3149	2699.63	2253	3146	1.395	0.481	0.00138258037954864	0.021477129305034	0.0157	0.0212
FBgn0001122	2180	501	457	3309	837	939	1249	880	735	1935	1325	1303	1237.65	955	1521	1.59	0.669	0.00141566839171653	0.0219365090387403	0.0305	0.0168
FBgn0020391	327	122	145	507	227	223	187	214	233	296	359	310	266.64	211	322	1.526	0.61	0.00141750180328364	0.0219365090387403	0.0214	0.0296
FBgn0037896	107	41	35	188	69	85	61	72	56	110	109	118	87.78	63	112	1.784	0.835	0.00144011220383416	0.0222444450015966	0.0347	0.0545
FBgn0001206	1027	323	356	1306	522	583	588	567	572	764	826	809	687.79	576	800	1.386	0.47	0.00145320393357049	0.0224044711713255	0.0138	0.0178
FBgn0034249	870	255	362	1141	491	556	498	448	582	667	777	772	624	509	739	1.447	0.533	0.0014717751917237	0.022648217865887	0.0181	0.0184
FBgn0032421	202	88	119	429	143	210	116	155	191	251	226	291	205.03	154	256	1.689	0.756	0.00148110681106666	0.0227491349520014	0.0339	0.0353
FBgn0052436	572	252	212	938	363	365	328	443	341	548	575	507	456.76	371	543	1.475	0.561	0.0015470199705077	0.0235848657957326	0.0197	0.0212
FBgn0034950	142	51	49	248	85	102	81	90	79	145	135	142	111.8	83	141	1.695	0.761	0.00155116196310245	0.0236041380730359	0.0302	0.0495
FBgn0031769	2288	765	827	2966	1143	1254	1311	1343	1329	1734	1809	1741	1544.52	1328	1761	1.326	0.408	0.00158337974297625	0.0239626255352208	0.0111	0.0175
FBgn0034403	99	26	45	225	55	79	57	46	72	132	87	110	83.83	58	110	1.898	0.925	0.00158348488662395	0.0239626255352208	0.0461	0.055
FBgn0031888	4553	1570	1714	6350	2295	2819	2608	2757	2755	3713	3632	3913	3229.68	2707	3753	1.387	0.472	0.00163794041821029	0.0246211477112141	0.0157	0.0227
FBgn0034013	2508	956	927	3251	1374	1558	1437	1679	1490	1901	2175	2162	1807.24	1535	2079	1.355	0.438	0.00166085136808249	0.0248582170091471	0.0132	0.0183
FBgn0031738	2058	648	609	2852	918	1023	1179	1138	979	1668	1453	1420	1306.01	1099	1514	1.377	0.462	0.00166534030768438	0.0248800021923994	0.0146	0.0169
FBgn0263118	680	201	212	928	318	374	389	353	341	543	503	519	441.38	361	522	1.441	0.527	0.00174970056864193	0.0259512550886097	0.0175	0.0216
FBgn0035203	1165	459	538	1636	716	905	667	806	865	957	1133	1256	947.35	779	1115	1.433	0.519	0.00180316954007508	0.0266479217435961	0.0185	0.0167
FBgn0063494	2846	797	1008	4012	1239	1449	1630	1400	1620	2346	1961	2011	1828.01	1550	2106	1.359	0.442	0.00185465862028438	0.0272614874615994	0.0138	0.0184
FBgn0026150	1539	547	607	2124	811	919	881	961	976	1242	1284	1276	1103.15	939	1267	1.351	0.434	0.0018758953054461	0.0275243171650607	0.0128	0.0166
FBgn0026415	69	19	32	129	57	53	40	33	51	75	90	74	60.59	41	80	1.918	0.94	0.00194666720569896	0.0284608991464222	0.0445	0.0597
FBgn0083983	167	27	54	338	82	88	96	47	87	198	130	122	113.24	77	150	1.937	0.954	0.0019582054444548	0.0285786495648012	0.0568	0.0487
FBgn0264305	1879	731	694	2737	955	1139	1076	1284	1116	1600	1511	1581	1361.38	1159	1564	1.353	0.436	0.00201325092601797	0.0292778086794315	0.0134	0.017
FBgn0040308	1269	375	475	1779	597	689	727	659	764	1040	945	956	848.39	717	980	1.369	0.453	0.00202238589287493	0.0293586001652392	0.014	0.0169
FBgn0051163	17	4	8	40	16	16	10	7	13	23	25	22	16.76	10	23	2.366	1.243	0.0020586668473566	0.0297798685749892	0.0439	0.0614
FBgn0031070	1007	465	492	1447	777	857	577	817	791	846	1230	1190	908.26	728	1089	1.497	0.582	0.00213121080128287	0.0307101994662466	0.0243	0.0168
FBgn0013720	563	190	244	767	325	391	322	334	392	448	514	543	425.65	349	502	1.436	0.523	0.00220788911667617	0.0316592771590524	0.0179	0.0221
FBgn0051495	79	18	32	159	56	48	45	32	51	93	89	67	62.75	43	83	1.925	0.945	0.00222748806198184	0.0318845673374782	0.0483	0.0591
FBgn0261555	161	49	47	247	94	97	92	86	76	144	149	135	113.61	85	143	1.671	0.74	0.00231686484257327	0.0329911899978924	0.0314	0.0491
FBgn0013765	4723	1550	1601	6758	2228	2535	2705	2722	2574	3951	3526	3519	3166.16	2667	3665	1.375	0.459	0.00233612212766469	0.0331503005036432	0.0159	0.0225
FBgn0260431	65	14	22	117	40	43	37	25	35	68	63	60	48.1	32	64	1.928	0.947	0.00236831434970833	0.0335490747777335	0.0443	0.0613
FBgn0035167	107	55	51	211	80	127	61	97	82	123	127	176	111.02	80	142	1.805	0.852	0.00243848621047708	0.0342821505738515	0.0442	0.05
FBgn0038043	591	195	238	744	342	425	339	342	383	435	541	590	438.29	355	522	1.469	0.555	0.00242537418074868	0.0342821505738515	0.0211	0.0217
FBgn0039125	1559	604	733	2188	992	1094	893	1061	1178	1279	1570	1518	1249.96	1044	1456	1.396	0.482	0.00243290219772573	0.0342821505738515	0.0171	0.0168
FBgn0085446	7165	2348	2212	8638	3696	4278	4104	4123	3556	5051	5850	5938	4770.19	3928	5613	1.428	0.514	0.00247751680983505	0.0347360561953284	0.0204	0.0258
FBgn0050502	25	13	9	49	23	36	14	23	14	29	36	50	27.77	17	38	2.252	1.171	0.0024913749907907	0.0347648702584231	0.0584	0.0625
FBgn0053105	1060	191	316	1596	471	450	607	335	508	933	745	625	625.63	483	768	1.582	0.661	0.00249166062827876	0.0347648702584231	0.0323	0.0183
FBgn0030456	1108	392	409	1456	582	654	635	688	658	851	921	908	776.78	660	893	1.354	0.437	0.00250719822252877	0.0349134801717843	0.0134	0.0172
FBgn0053138	2153	912	1059	2996	1484	1685	1233	1601	1702	1752	2349	2339	1829.39	1512	2147	1.42	0.506	0.00256793256883855	0.0356986151349386	0.0195	0.0184
FBgn0030051	44	15	17	63	44	46	25	26	27	37	70	64	41.53	26	57	2.11	1.077	0.00258802682331049	0.0358564121702578	0.0586	0.0622
FBgn0029970	228	70	70	336	113	151	131	123	113	196	179	210	158.49	122	195	1.59	0.669	0.00262063779746875	0.0362470003622912	0.0276	0.0412
FBgn0032881	365	102	125	537	165	223	209	179	201	314	261	310	245.63	196	295	1.499	0.584	0.00265113724184391	0.0365455927018551	0.0221	0.0312
FBgn0032805	337	91	92	625	156	155	193	160	148	365	247	215	221.37	167	276	1.653	0.725	0.00271280383187614	0.0372932502230602	0.0364	0.0332
FBgn0264816	161	44	60	245	88	115	92	77	96	143	139	160	118.01	88	147	1.652	0.724	0.00271712830363886	0.0372932502230602	0.0312	0.0483
FBgn0052803	503	155	212	755	249	332	288	272	341	441	394	461	366.24	300	432	1.442	0.528	0.00275299102597934	0.0375707693761772	0.0189	0.024
FBgn0262952	516	91	100	5001	122	77	296	160	161	2924	193	107	640.02	206	1075	5.226	2.386	0.00286908268278001	0.0388320398748542	0.4148	0.0181
FBgn0034259	1558	486	608	2091	725	929	892	853	977	1223	1147	1289	1063.79	907	1220	1.344	0.427	0.00292907348720506	0.0393195756825792	0.0136	0.0166
FBgn0021795	3446	1200	1492	4675	1931	2226	1974	2107	2399	2733	3056	3090	2559.81	2160	2960	1.371	0.455	0.00307076547772056	0.0408870429354936	0.0164	0.0207
FBgn0250837	3308	1158	1532	4539	2042	2187	1895	2033	2463	2654	3232	3036	2552.06	2130	2974	1.396	0.482	0.00309327548727769	0.0411200089897108	0.0185	0.0207
FBgn0030966	372	134	158	460	266	288	213	235	254	269	421	400	298.68	234	363	1.546	0.629	0.00318855638898433	0.0422496599393367	0.0281	0.0275
FBgn0038049	1026	422	513	1523	652	801	588	741	825	890	1032	1112	864.6	718	1011	1.413	0.499	0.00322684972152758	0.0426880990580148	0.019	0.0169
FBgn0020633	2983	1040	1204	3615	1648	1846	1709	1826	1936	2114	2608	2562	2125.76	1824	2428	1.331	0.413	0.00330194068942073	0.0432882809702891	0.0136	0.0193
FBgn0030361	211	56	81	311	108	147	121	98	130	182	171	204	151.04	116	186	1.586	0.665	0.00330863636467706	0.0432882809702891	0.0285	0.0424
FBgn0036316	6132	2254	2642	9174	3468	4014	3512	3958	4247	5364	5489	5571	4690.29	3906	5475	1.402	0.488	0.00330534955288067	0.0432882809702891	0.0195	0.0256
FBgn0010470	7795	2677	3146	10779	4299	5032	4465	4701	5058	6302	6804	6984	5718.99	4741	6697	1.413	0.498	0.00336258685463081	0.0438472772363782	0.0205	0.027
FBgn0013997	3149	1141	1084	4567	1651	1646	1804	2004	1743	2670	2613	2285	2186.31	1850	2523	1.365	0.448	0.00336938178845927	0.0438544505555195	0.0162	0.0195
FBgn0260458	837	358	487	1226	698	760	479	629	783	717	1105	1055	794.57	630	959	1.523	0.607	0.00340307155053092	0.0440252253272155	0.0291	0.0171
FBgn0029975	4498	1441	1888	6174	2418	2673	2576	2530	3035	3610	3827	3710	3214.81	2714	3716	1.369	0.453	0.00346392387626214	0.0447418954852001	0.0169	0.0226
FBgn0263093	535	170	145	734	268	266	306	299	233	429	424	369	343.43	279	407	1.454	0.54	0.00348777401279489	0.0449791233536851	0.0209	0.025
FBgn0027945	395	95	99	557	150	220	226	167	159	326	237	305	236.78	184	289	1.559	0.641	0.00354477213628893	0.0454284704091279	0.0296	0.0318
FBgn0000346	152	47	45	205	84	113	87	83	72	120	133	157	108.6	81	137	1.671	0.74	0.00355385324534494	0.0454737976884855	0.0346	0.0502
FBgn0037607	7522	3030	3393	10175	5200	5962	4308	5321	5455	5949	8230	8275	6256.37	5028	7485	1.489	0.574	0.00356125178517323	0.0454816201203842	0.0276	0.0276
FBgn0039590	2420	942	797	3108	1233	1433	1386	1654	1281	1817	1951	1989	1679.87	1440	1919	1.333	0.414	0.00356555495457291	0.0454816201203842	0.0138	0.0179
FBgn0033205	2733	920	1146	4076	1361	1504	1565	1616	1842	2383	2154	2088	1941.34	1674	2208	1.321	0.402	0.00360663797700581	0.0458630150192274	0.013	0.0187
FBgn0013347	1175	265	370	1584	467	579	673	465	595	926	739	804	700.35	578	823	1.42	0.506	0.0036502616838429	0.0462742601713747	0.02	0.0177
FBgn0013684	768	211	196	5307	296	185	440	371	315	3103	468	257	825.62	375	1276	3.403	1.767	0.00369943209108551	0.0467025758652446	0.2502	0.0169
FBgn0036764	5144	2010	2450	7892	3139	3670	2946	3530	3939	4614	4968	5094	4181.83	3472	4892	1.41	0.496	0.00370113073791868	0.0467025758652446	0.0206	0.0248
FBgn0285925	623	203	198	834	307	329	357	356	318	488	486	457	410.3	344	477	1.385	0.469	0.00379488127819857	0.0477386752205287	0.0159	0.0225
FBgn0050100	387	85	141	588	171	219	222	149	227	344	271	304	252.67	199	306	1.531	0.615	0.00380596702296397	0.0478048109071217	0.0275	0.0305
FBgn0051477	56	20	21	157	32	39	32	35	34	92	51	54	49.59	34	66	2.003	1.002	0.0038760725423458	0.0483889604144905	0.0609	0.061
FBgn0264272	9	4	8	28	15	13	5	7	13	16	24	18	13.87	8	19	2.481	1.311	0.00387414910760295	0.0483889604144905	0.052	0.0608
FBgn0051614	616	168	151	1183	261	252	353	295	243	692	413	350	390.86	297	485	1.635	0.709	0.00390823967208264	0.0487163856997292	0.04	0.023
FBgn0265413	3679	1495	1879	6220	2223	2644	2107	2625	3021	3637	3518	3670	3096.36	2584	3608	1.398	0.483	0.00392409682396748	0.048839821168712	0.0197	0.0223
FBgn0035933	14	3	6	28	11	17	8	5	10	16	17	24	13.38	8	19	2.382	1.252	0.00399234788157335	0.0494251171311712	0.0452	0.0608
FBgn0038143	51	13	11	83	26	37	29	23	18	49	41	51	35.13	23	47	1.941	0.957	0.00399522709802079	0.0494251171311712	0.0457	0.0625
FBgn0052845	23	8	8	50	16	21	13	14	13	29	25	29	20.63	13	28	2.104	1.073	0.00400677069465735	0.0494932729481621	0.042	0.062
FBgn0033153	457	152	155	597	234	280	262	267	249	349	370	389	314.32	259	369	1.421	0.507	0.00401591298497879	0.04953160647037	0.0183	0.0265
FBgn0086532	2510	958	1100	3441	1423	1582	1438	1682	1768	2012	2252	2196	1891.37	1629	2153	1.323	0.404	0.00404766876981061	0.0498483171921721	0.0135	0.0186
